2.5717
25.9524
27.8792
4.6117
-4.8958
28.6738
-12.6128
12.7923
2.3483
-13.5795
25.6072
-13.2134
6.7882
-2.1219
11.0304
-8.2624
1.6349
11.1455
8.2989
-7.5556
-15.1038
6.4447
-11.1371
10.8899
7.5219
-3.1778
7.8319
2.5647
-10.3806
-6.3619
9.5306
-4.0338
3.2985
-23.3172
-15.0197
4.6207
-3.6509
-13.3263
9.5283
12.7735
13.2898
1.618
-14.7496
-8.3002
-9.2559
4.662
8.6503
-0.6107
-9.9017
0.4486
-2.3402
-4.3927
9.3162
-0.2917
-11.9493
-4.2033
-1.2683
-0.0253
-7.5769
8.8756
5.9366
-8.7338
3.5589
-1.5631
-5.5635
6.9928
1.6839
4.828
1.8463
-0.4148
4.2948
-4.3755
2.1436
3.3065
-0.5996
3.8191
3.1333
-0.7644
-6.2003
-2.0677
-5.8107
0.8656
0.0118
0.1159
3.2761
-0.8897
-2.7944
0.4369
10.9776
-2.1573
0.1492
-6.4605
-1.4858
-5.3981
-8.1176
4.5046
-6.7597
-4.0214
0.0991
-6.2948
8.7042
-5.8172
-11.1423
-1.9771
-0.2633
-1.8262
-6.9313
6.2365
-1.7315
-8.1212
-13.8558
-5.047
8.824
6.7439
6.2268
-23.87
4.9712
3.1335
6.5805
-3.768
4.6403
7.3192
1.6151
6.2891
3.1343
-0.6092
3.3696
1.9858
3.689
-1.0396
6.0316
0.0901
0.2712
-5.7941
-6.7625
2.821
5.176
-4.6714
1.1777
6.8477
2.8795
1.6071
5.3422
-0.9639
-0.3768
-3.9319
-0.5788
-8.7354
2.9533
-4.2524
2.6049
-9.7781
4.2962
0.162
-8.1349
6.4312
-8.8232
-1.2983
1.085
1.7084
-5.6486
-2.1578
3.9625
0.794
3.2121
1.6556
4.7493
1.825
5.3402
1.9899
0.8904
-1.806
6.3497
-5.186
4.8051
2.1811
6.5699
1.9725
-2.1638
-5.5504
-0.3991
-6.1722
-4.785
12.0113
-0.8256
-0.6151
3.1353
-0.6983
-1.9708
10.7711
4.8115
-3.6189
3.2999
6.4766
8.2444
0.3786
-2.9252
-3.7653
-0.0439
-9.8505
-1.1532
-13.0538
3.4085
0.9739
2.0759
-16.0543
-3.4352
-3.2438
4.8623
-20.8942
-0.4855
10.8184
2.2512
-5.3597
-0.3017
0.0737
-5.7132
6.0524
0.4392
-1.592
-1.4003
3.9011
14.4545
1.4951
-1.3454
-6.5833
5.4862
-7.3191
10.5365
1.113
5.0481
-5.6771
-3.4505
2.9929
9.6855
4.095
-10.8166
8.0214
19.0145
-2.9634
-2.989
-6.8544
1.4368
-20.6566
10.4113
-17.2516
12.9694
10.8242
-2.3658
1.8058
-18.3026
-0.9446
4.4759
9.4298
-4.2064
1.369
0.8026
4.0872
2.3683
0.2367
2.5516
3.4663
1.895
-1.9691
-4.8426
9.3709
-5.1123
3.0148
9.3145
0.4972
-7.5731
0.6729
9.5887
1.4229
2.9737
-3.1463
8.1733
3.5802
-2.5115
-5.7895
-1.8463
9.0044
-4.3996
-5.1681
3.2868
-2.1521
0.2833
-0.2167
2.1661
-7.8595
1.6291
5.7028
7.8161
-8.5096
-0.4048
-11.8795
-5.0634
2.8463
6.5463
1.6497
-2.2148
-2.0295
7.4793
-3.5247
0.9793
5.5709
1.2446
2.5266
-4.5576
1.5789
4.1029
5.6334
-2.0329
2.5885
-11.858
0.9077
-3.6783
6.3546
6.8039
3.6769
-9.5761
2.1048
-1.0813
-11.8986
-25.3174
-14.7584
-6.1293
3.806
7.7317
-19.9168
19.4489
-5.6487
-2.9016
8.0041
9.9898
-15.4718
9.7281
-1.319
0.476
2.7007
2.3197
-9.6262
8.0485
3.271
1.6459
-7.3531
0.2549
7.8899
-6.3201
5.0372
4.5981
10.1209
7.7582
-3.5661
4.3927
0.4023
3.5958
1.5703
-9.2513
-1.7571
3.4318
-24.3109
8.5364
1.3009
7.9195
1.5507
-0.9832
9.9801
-3.147
0.5888
2.6574
-4.4065
0.891
-0.9082
-0.3708
4.3602
-7.4158
3.9671
3.2281
1.5285
4.7505
-1.6312
2.8862
-8.2535
4.1242
-7.5224
11.1557
-6.7198
2.424
-1.0274
4.9534
0.3814
3.7452
-7.0027
5.8329
-5.1453
-1.3087
0.2497
1.4775
-5.3378
-2.7081
-0.1388
-10.9187
7.7397
-2.4561
0.9419
-10.9162
8.847
-3.9089
-0.6111
2.9322
-1.8359
-1.162
1.6621
-7.6552
3.7664
-1.2047
-2.9199
-4.7266
-14.2914
-2.4318
3.6681
2.4839
-8.7619
-3.5565
0.8421
-1.6806
-1.2182
16.2789
-0.4491
16.3728
-2.9034
9.3218
-9.1372
-13.8246
10.2172
1.9877
-11.0056
11.0536
-13.5821
-13.7788
10.993
10.2346
-16.9671
7.5483
3.2682
-8.336
0.4294
6.554
-5.8433
-7.0125
6.1194
4.588
-7.8545
-22.5998
-8.0009
-8.3622
5.329
3.1161
-7.4218
16.8239
-5.0136
7.4237
-1.0672
1.6609
8.4205
-0.414
5.0024
2.7082
3.7961
2.0835
-4.2034
-1.8918
-6.5376
-3.2542
2.4258
1.7903
0.9574
-6.8771
-4.9948
-3.066
-3.4333
-1.2075
2.2778
4.3549
-5.133
-8.7833
12.4101
4.462
0.2806
-1.4179
-6.631
-2.707
-0.9838
4.1645
-1.8741
24.2542
-2.1907
4.9867
-13.3414
11.9326
-6.0153
-2.5873
-8.733
2.0856
-4.252
-6.4223
2.1878
-6.6828
5.039
-3.0752
4.0518
3.4215
-2.7921
-3.988
3.5348
-6.6872
-13.1928
-4.9038
8.1432
-11.2396
-3.6274
-0.1933
-10.5958
9.4306
0.1979
-1.5626
-14.0272
-2.17
-3.0903
-6.0602
-6.4944
2.5307
1.7506
4.3744
14.7218
13.5359
-7.113
-11.4353
13.5176
-0.8102
-1.4163
0.0627
-20.5082
0.8871
3.6548
1.9205
4.7895
14.2392
-1.2672
-0.5187
0.0778
-10.5043
0.7598
-0.0072
0.7818
-1.594
5.2853
-6.7058
-10.8013
7.5779
-6.95
-1.4334
4.5412
1.8286
-4.8314
-1.908
5.0329
-4.0002
-6.1611
0.5975
6.2608
3.5859
-4.8204
-3.9869
-6.0766
8.0289
0.5806
-0.0093
1.1363
9.3485
6.0291
-2.559
-0.4943
4.6437
-3.9887
4.0475
6.296
6.8536
-3.2679
2.4629
0.5959
3.2508
0.0161
-3.675
7.0232
9.6318
4.9883
-2.7248
-8.1927
10.1754
-4.5427
8.491
-4.4909
1.3949
0.3771
-0.537
3.0127
3.9109
-3.6859
-8.4553
2.2913
4.8899
-2.9877
11.3926
3.0071
-1.107
15.521
5.0605
-6.3602
-5.5994
3.2292
2.7744
2.5759
-2.883
-2.4914
0.9285
2.9708
-9.3773
-2.7549
6.1999
0.543
-0.1704
-6.6319
-3.3871
0.2722
8.1672
-8.4205
-1.0509
8.1236
5.0037
-4.0742
5.7916
-0.464
27.6417
-24.7217
20.2683
-16.8489
8.8125
-14.7383
-21.9165
32.9397
-20.0673
-25.7495
15.2049
19.1849
0.736
-19.6672
15.5996
-13.1474
-16.2312
23.6335
3.9068
1.0433
-7.4911
-7.2605
8.76
-10.1753
-0.2424
0.9361
-24.1182
3.4902
4.5222
-22.5359
9.1256
19.9801
-12.4731
5.7704
-13.1508
1.8346
-3.1345
13.9407
4.1523
-3.2074
14.0043
-1.9617
-6.8905
10.3126
0.2846
4.7178
4.5161
-3.8104
-10.137
3.7156
0.6065
-2.6362
-0.3318
-3.6411
-4.665
2.7329
6.3643
3.9557
-2.9973
-4.7294
16.5317
-4.8936
-8.9225
4.2938
6.8071
-6.7547
7.4611
-7.0149
-11.2188
2.8554
-1.6479
9.0426
1.8106
4.5707
0.6596
1.762
15.5361
-7.9496
-3.7335
-0.4577
0.8081
3.8342
8.3776
-1.2967
-6.7624
-2.991
4.4476
-5.7429
3.2111
5.3089
-1.7114
-3.5466
-4.2559
1.5222
4.5501
10.2315
-4.114
7.6844
-16.2332
-5.8877
-5.9231
12.5205
13.4749
-3.8838
-4.4874
5.6632
1.1433
-11.2192
-41.6491
-18.106
-5.7054
18.4503
12.2828
-23.6274
27.1271
7.4313
-3.7388
-6.0648
6.8318
-5.6661
15.373
2.5597
1.8597
1.9183
1.8047
-16.4841
10.8794
-5.1438
7.1138
-9.8775
-3.9341
7.4453
-9.2569
11.4872
4.0016
-0.6846
3.5708
-4.5289
8.767
-0.0881
-12.55
4.739
-5.4648
-7.5273
-0.8953
-19.4737
3.8655
-2.0986
4.5542
-5.1823
1.7525
16.46
0.3176
4.6524
-3.605
-11.1541
2.1372
4.3239
5.2757
-0.3232
-9.2367
2.4381
-0.7084
6.8732
0.4916
2.8694
2.4103
-2.1663
3.8948
-4.1708
-0.4915
-4.3208
1.9148
-2.0958
3.8761
3.9665
0.7201
-2.8535
-0.4936
2.5235
1.6268
-0.7461
0.2546
-2.9207
2.3469
2.2479
-14.5391
9.295
3.7785
-1.7491
-1.5156
3.2565
0.6555
-4.2753
1.2989
-1.9817
-7.6359
0.5265
-8.7028
-0.9951
4.3069
-2.3625
-6.1559
-6.1279
4.915
6.355
-2.0974
-3.3878
1.7516
0.3496
0.3982
-0.0767
5.7953
32.8801
-21.1907
-24.1991
40.5341
-19.9332
-19.8569
7.5949
-21.2985
15.5471
-14.5523
-22.162
0.5054
7.1186
8.6839
-16.1844
17.7388
-2.8727
-25.4276
29.519
-0.4305
5.2579
-4.044
-4.0976
10.3666
-9.0992
-15.5056
-3.1162
-10.6866
-36.5123
14.7296
-14.6824
24.8745
9.2266
-15.4612
-0.892
7.9919
6.5214
-6.7499
24.6842
11.476
-6.8485
8.8198
4.2168
-7.5713
8.0068
12.5991
-6.5036
12.4513
-0.3287
-5.4176
3.1011
-8.4491
3.5009
-7.9668
-11.3393
-11.8331
6.1493
2.5807
2.5379
-9.1059
-3.3809
6.0852
-2.9398
-4.7785
-3.4284
8.6239
-2.2735
4.3207
-10.1647
1.1418
-2.7807
4.8599
0.7812
2.923
-0.0335
-6.7398
3.5058
-7.7916
-4.1665
-7.4579
-0.0982
-9.6104
3.3553
-0.615
11.7709
-3.5472
3.2957
-3.2619
9.6915
-1.0774
9.0735
-7.8067
1.9208
-6.0746
1.2071
0.9333
-6.2299
-6.7156
-1.5485
-19.2716
4.0775
-1.4823
10.782
7.6285
5.2929
-10.8788
-5.706
-4.2014
-4.1205
-31.2446
-4.0423
2.9075
-0.4118
14.327
-18.206
10.6775
1.7161
12.2608
0.8145
9.614
3.0181
-4.1105
0.7748
-1.6366
11.0485
2.4399
-16.1125
9.3706
-3.0128
3.1074
-2.2691
-0.7657
5.3498
-4.447
1.3106
5.0187
7.2384
9.8196
-1.2248
5.5235
1.3768
-4.2673
2.1683
0.4461
-8.935
-0.7159
-18.6608
12.0325
3.4254
2.3187
-3.728
1.3643
10.5781
-4.3174
4.4029
-4.2855
-7.9213
4.2507
-1.3893
7.8242
2.1158
-9.5956
4.7496
2.4836
2.1963
4.1563
1.2162
2.0111
-7.5599
4.0561
-0.4832
5.3663
-0.0967
-0.7546
-2.8469
5.2168
-1.0892
-0.0407
-3.5412
5.1277
3.3375
-3.4939
1.0531
4.334
-2.9969
-4.9665
-4.1072
-12.5561
14.0112
13.3994
-3.9654
-7.0644
11.7604
-0.0609
5.4818
6.4219
1.0357
-9.0087
-6.5571
-3.6107
-0.1055
8.1691
-4.0744
-7.4235
-2.8451
-0.3207
8.6965
-1.1005
-4.059
-0.9652
6.4959
5.9085
-7.4632
